0 0.026172 0.467685 0.052344 0.09870800000000002
0 0.058203 0.5611044999999999 0.116406 0.078731
0 0.1097655 0.6327849999999999 0.219531 0.17978799999999995
0 0.2816405 0.772033 0.236719 0.39953000000000005
0 0.3871095 0.3378375 0.04921900000000001 0.05287900000000001
0 0.5 0.329025 0.03750000000000003 0.023502000000000023
0 0.5179685 0.3419505 0.03281300000000009 0.039953000000000016
0 0.5453125000000001 0.35311400000000004 0.05312499999999998 0.048178
0 0.59375 0.363102 0.059376000000000095 0.04935400000000001
0 0.6546875000000001 0.36604 0.057813 0.06933
0 0.7074214999999999 0.3601645 0.06796900000000006 0.05522899999999997
0 0.7585935 0.377791 0.059374999999999956 0.05758000000000002
0 0.8390625 0.394242 0.089063 0.048178
0 0.9082030000000001 0.405993 0.07734399999999997 0.07167999999999997
0 0.975 0.451234 0.04843799999999998 0.05405399999999999
