1 0.059896 0.491211 0.119792 0.04882799999999998
1 0.082031 0.7695315 0.164062 0.12304700000000002
1 0.143229 0.6567385 0.286458 0.125977
1 0.153646 0.349121 0.307292 0.12793
1 0.2076825 0.0722655 0.415365 0.144531
1 0.2447915 0.224609 0.411459 0.14257799999999998
1 0.31510449999999995 0.900879 0.39583299999999993 0.12597599999999998
1 0.3105465 0.43066400000000005 0.329427 0.11718800000000001
1 0.3613285 0.5834965 0.389323 0.12988299999999997
1 0.3795575 0.802734 0.39453099999999997 0.125
1 0.4895835 0.716309 0.38802100000000006 0.11425799999999997
1 0.5 0.5253905 0.33854199999999995 0.12304700000000007
1 0.5664065 0.2158205 0.39062500000000006 0.11718699999999999
1 0.686849 0.428711 0.38151000000000007 0.16992200000000002
1 0.6998695 0.0439455 0.35546900000000003 0.087891
1 0.813802 0.733887 0.28385400000000005 0.141602
1 0.8255205000000001 0.170898 0.260417 0.125
1 0.8548175 0.555176 0.13411499999999998 0.06933600000000006
1 0.9309894999999999 0.3364255 0.135417 0.08105499999999999
1 0.95638 0.090332 0.08463599999999993 0.057617999999999996
