0 0.7503124999999999 0.7730794999999999 0.3193750000000001 0.18886499999999995
0 0.235625 0.0637775 0.42124999999999996 0.09090899999999999
0 0.17781249999999998 0.135659 0.290625 0.105004
0 0.20531249999999998 0.637773 0.341875 0.06624399999999997
0 0.20875000000000002 0.439746 0.34625 0.071882
0 0.22562500000000002 0.8488370000000001 0.38 0.11486999999999992
0 0.2125 0.7850595 0.35125 0.06342500000000006
0 0.2546875 0.47251600000000005 0.370625 0.05144399999999999
0 0.39875 0.2917545 0.38 0.06342500000000001
0 0.4459375 0.549331 0.36437500000000006 0.06835799999999992
0 0.5059374999999999 0.34813249999999996 0.35687499999999994 0.06342500000000001
0 0.77875 0.1032415 0.35875 0.06694900000000001
0 0.7765625 0.226568 0.339375 0.136012
0 0.7825 0.6155745 0.31125 0.08104299999999998
0 0.80375 0.4545455 0.35124999999999995 0.07047300000000001
