0 0.313125 0.82125 0.57125 0.19083400000000006
0 0.3546875 0.30333350000000003 0.291875 0.203333
0 0.3809375 0.6108335 0.25187499999999996 0.218333
0 0.7240625 0.6158330000000001 0.25312499999999993 0.16000000000000003
0 0.7825 0.2820835 0.30874999999999997 0.200833
0 0.801875 0.885417 0.3062499999999999 0.22750000000000004
1 0.31656249999999997 0.8270835000000001 0.569375 0.19916699999999998
1 0.3565625 0.300833 0.300625 0.215
1 0.390625 0.5895835 0.22999999999999998 0.16916699999999996
1 0.7253125 0.613333 0.25312500000000004 0.15500000000000003
1 0.774375 0.27 0.27874999999999994 0.195
1 0.8028124999999999 0.8812500000000001 0.313125 0.235834
