1 0.149625 0.254375 0.212946 0.09375000000000003
1 0.149625 0.5874999999999999 0.212946 0.10750000000000004
1 0.151032 0.41625 0.21575999999999998 0.09750000000000003
1 0.1604125 0.905 0.202627 0.10124999999999995
1 0.161351 0.0890625 0.19512199999999996 0.09562499999999999
1 0.161351 0.746875 0.189494 0.09249999999999992
1 0.7898685000000001 0.09781250000000001 0.28705499999999995 0.113125
1 0.791276 0.42656249999999996 0.28424000000000005 0.11812499999999998
1 0.792683 0.2578125 0.28705400000000003 0.114375
1 0.792683 0.594375 0.28705400000000003 0.12125000000000008
1 0.8015950000000001 0.9171875 0.3048780000000001 0.11812499999999992
1 0.8076920000000001 0.7571875 0.30769199999999997 0.11937500000000001
