0 0.06 0.40875 0.12 0.07250000000000001
0 0.0625 0.298125 0.125 0.06124999999999997
0 0.0733335 0.35562499999999997 0.146667 0.06624999999999998
0 0.0733335 0.47875 0.146667 0.07250000000000001
0 0.0833335 0.691875 0.166667 0.036250000000000004
0 0.0883335 0.65 0.176667 0.07250000000000001
0 0.0908335 0.59375 0.181667 0.07000000000000006
0 0.0916665 0.54 0.183333 0.07250000000000001
0 0.24 0.649375 0.24 0.08374999999999999
0 0.26 0.48562500000000003 0.22333400000000003 0.09875
0 0.183333 0.47625 0.04999999999999999 0.01749999999999996
0 0.1825 0.415625 0.044999999999999984 0.011250000000000038
0 0.256667 0.53125 0.19 0.06749999999999995
0 0.26666650000000003 0.59375 0.203333 0.08250000000000002
0 0.1833335 0.35124999999999995 0.033333 0.012500000000000011
0 0.2625 0.431875 0.191666 0.08374999999999999
0 0.22083350000000002 0.54625 0.05166699999999999 0.010000000000000009
0 0.305 0.38 0.21999999999999997 0.09499999999999997
0 0.2216665 0.5974999999999999 0.04333299999999998 0.015000000000000013
0 0.2466665 0.258125 0.046667000000000014 0.011249999999999982
0 0.5966670000000001 0.58875 0.41000000000000003 0.14500000000000002
0 0.4216665 0.264375 0.036667000000000005 0.013749999999999984
0 0.6391665 0.38687499999999997 0.34833299999999995 0.11374999999999996
0 0.6358334999999999 0.30374999999999996 0.32166700000000004 0.08000000000000002
0 0.6375 0.47625 0.31500000000000006 0.10750000000000004
0 0.5216665 0.359375 0.046667000000000014 0.016249999999999987
0 0.5266665 0.2875 0.046667000000000014 0.012500000000000011
0 0.535 0.40812499999999996 0.05333399999999999 0.013749999999999984
0 0.65 0.65875 0.25666600000000006 0.09999999999999998
0 0.6616664999999999 0.553125 0.2533329999999999 0.07125000000000004
0 0.6591665 0.730625 0.23833300000000002 0.05125000000000002
0 0.865 0.57375 0.26666600000000007 0.11250000000000004
0 0.8791665 0.421875 0.23833300000000002 0.09875
0 0.8816665 0.276875 0.233333 0.056249999999999994
0 0.8875 0.34062499999999996 0.22166600000000003 0.05375000000000002
0 0.895 0.498125 0.20666600000000002 0.08875
0 0.8991665 0.6725 0.19833299999999998 0.10749999999999993
0 0.8258335 0.649375 0.04833299999999996 0.01375000000000004
0 0.8325 0.585 0.058334 0.01749999999999996
0 0.8374999999999999 0.491875 0.058334 0.01375000000000004
0 0.8408335 0.42875 0.05166700000000002 0.015000000000000013
0 0.8491664999999999 0.295625 0.05833300000000008 0.013749999999999984
0 0.8474999999999999 0.354375 0.04833399999999999 0.011249999999999982
