0 0.186328 0.5510415 0.22265599999999997 0.429167
0 0.3128905 0.32864600000000005 0.285157 0.46354200000000007
0 0.419141 0.532292 0.366406 0.60625
0 0.44687499999999997 0.364583 0.29687399999999997 0.5062500000000001
0 0.594141 0.6171875 0.41640599999999994 0.5927089999999999
0 0.56875 0.3984375 0.28750000000000003 0.48020900000000005
0 0.7453125 0.4505205 0.421875 0.5093749999999999
1 0.186328 0.547917 0.235156 0.4312500000000001
1 0.3101565 0.3291665 0.290625 0.458333
1 0.602734 0.5145835 0.714844 0.802083
